[
53.0,
62.0,
48.0,
53.0,
51.0,
48.0,
51.0,
51.0,
44.0,
51.0,
60.0,
44.0,
55.0,
59.0,
45.0,
55.0,
60.0,
45.0,
55.0,
60.0,
41.0,
55.0,
48.0,
41.0,
47.0,
48.0,
50.0,
47.0,
55.0,
50.0,
43.0,
55.0,
35.0,
44.0,
56.0,
35.0,
41.0,
56.0,
39.0,
41.0,
60.0,
39.0,
47.0,
60.0,
59.0,
47.0,
63.0,
59.0,
42.0,
63.0,
54.0,
42.0,
53.0,
54.0,
55.0,
53.0,
35.0,
55.0,
47.0,
36.0,
56.0,
47.0,
48.0,
55.0,
41.0,
48.0,
51.0,
41.0,
61.0,
51.0,
55.0,
60.0,
59.0,
55.0,
51.0,
59.0,
61.0,
51.0,
58.0,
61.0,
46.0,
58.0,
65.0,
46.0,
35.0,
64.0,
54.0,
35.0,
42.0,
53.0,
40.0,
42.0,
57.0,
40.0,
51.0,
57.0,
37.0,
51.0,
51.0,
37.0,
46.0,
51.0,
62.0,
46.0,
55.0,
61.0,
56.0,
55.0,
53.0,
56.0,
58.0,
53.0,
38.0,
57.0,
57.0,
38.0,
54.0,
56.0,
35.0,
54.0,
49.0,
35.0,
41.0,
49.0,
38.0,
41.0,
56.0,
38.0,
47.0,
55.0,
36.0,
47.0,
57.0,
36.0,
36.0,
57.0,
52.0,
37.0,
60.0,
52.0,
35.0,
60.0,
59.0,
35.0,
63.0,
59.0,
60.0,
63.0,
55.0,
60.0,
52.0,
55.0,
47.0,
52.0,
56.0,
47.0,
50.0,
56.0,
35.0,
50.0,
55.0,
35.0,
59.0,
55.0,
63.0,
59.0,
46.0,
63.0,
50.0,
46.0,
61.0,
50.0,
64.0,
60.0,
41.0,
64.0,
41.0,
41.0,
38.0,
41.0,
58.0,
38.0,
44.0,
57.0,
58.0,
44.0,
62.0,
58.0,
36.0,
62.0,
43.0,
36.0,
48.0,
43.0,
43.0,
48.0,
48.0,
43.0,
37.0,
48.0,
49.0,
37.0,
60.0,
49.0,
56.0,
60.0,
46.0,
56.0,
64.0,
46.0,
37.0,
63.0,
47.0,
38.0,
50.0,
47.0,
48.0,
50.0,
37.0,
48.0,
59.0,
37.0,
58.0,
59.0,
44.0,
58.0,
47.0,
44.0,
57.0,
47.0,
47.0,
57.0,
44.0,
47.0,
52.0,
44.0,
59.0,
52.0,
43.0,
59.0,
61.0,
43.0,
64.0,
61.0,
37.0,
64.0,
50.0,
38.0,
63.0,
49.0,
58.0,
63.0,
42.0,
58.0,
59.0,
42.0,
46.0,
59.0,
63.0,
47.0,
49.0,
63.0,
51.0,
49.0,
64.0,
51.0,
36.0,
64.0,
44.0,
36.0,
44.0,
44.0,
49.0,
44.0,
42.0,
49.0,
53.0,
42.0,
61.0,
52.0,
50.0,
61.0,
36.0,
50.0,
45.0,
36.0,
47.0,
45.0,
37.0,
47.0,
57.0,
37.0,
48.0,
57.0,
55.0,
48.0,
55.0,
55.0,
41.0,
54.0,
62.0,
41.0,
37.0,
62.0,
40.0,
37.0,
56.0,
40.0,
36.0,
56.0,
48.0,
36.0,
59.0,
48.0,
64.0,
58.0,
64.0,
64.0,
37.0,
64.0,
41.0,
37.0,
35.0,
41.0,
60.0,
35.0,
51.0,
60.0,
40.0,
51.0,
54.0,
41.0,
56.0,
54.0,
46.0,
56.0,
57.0,
46.0,
63.0,
56.0,
60.0,
63.0,
60.0,
60.0,
60.0,
60.0,
54.0,
59.0,
40.0,
54.0,
41.0,
40.0,
46.0,
41.0,
50.0,
46.0,
62.0,
50.0,
39.0,
62.0,
35.0,
39.0,
42.0,
35.0,
47.0,
42.0,
62.0,
47.0,
43.0,
62.0,
36.0,
43.0,
57.0,
36.0,
44.0,
57.0,
40.0,
44.0,
55.0,
40.0,
57.0,
55.0,
42.0,
57.0,
34.0,
42.0,
49.0,
34.0,
53.0,
48.0,
47.0,
53.0,
36.0,
47.0,
57.0,
36.0,
56.0,
57.0,
49.0,
56.0,
50.0,
49.0,
57.0,
50.0,
55.0,
56.0,
56.0,
55.0,
53.0,
56.0,
54.0,
53.0,
63.0,
54.0,
36.0,
63.0,
61.0,
37.0,
42.0,
61.0,
38.0,
42.0,
44.0,
38.0,
38.0,
44.0,
52.0,
38.0,
47.0,
52.0,
52.0,
47.0,
57.0,
52.0,
51.0,
57.0,
44.0,
51.0,
47.0,
44.0,
57.0,
47.0,
41.0,
57.0,
41.0,
42.0,
63.0,
41.0,
48.0,
62.0,
39.0,
48.0,
63.0,
39.0,
38.0,
63.0,
36.0,
38.0,
58.0,
36.0,
39.0,
58.0,
48.0,
40.0,
60.0,
48.0,
59.0,
59.0,
47.0,
59.0,
44.0,
47.0,
59.0,
44.0,
62.0,
58.0,
62.0,
62.0,
64.0,
62.0,
51.0,
64.0,
57.0,
51.0,
47.0,
57.0,
58.0,
47.0,
39.0,
58.0,
50.0,
39.0,
64.0,
50.0,
53.0,
64.0,
35.0,
53.0,
60.0,
35.0]
