[
0.0,
0.0,
0.0,
0.0,
0.0,
0.0,
0.0,
0.0,
0.0,
0.0,
0.0,
0.0,
0.0,
0.0,
0.0,
0.0,
0.0,
0.0,
0.0,
0.0,
0.0,
0.0,
0.0,
0.0,
0.0,
0.0,
0.0,
0.0,
0.0,
0.0,
0.0,
0.0,
0.0,
0.0,
0.0,
0.0,
0.0,
0.0,
0.0,
0.0,
0.0,
0.0,
0.0,
0.0,
0.0,
0.0,
0.0,
0.0,
0.0,
0.0,
0.0,
0.0,
0.0,
0.0,
0.0,
0.0,
0.0,
0.0,
135.0,
85.0,
99.0,
99.0,
99.0,
99.0,
99.0,
99.0,
99.0,
99.0,
99.0,
100.0,
99.0,
99.0,
99.0,
100.0,
99.0,
99.0,
100.0,
99.0,
100.0,
99.0,
99.0,
100.0,
99.0,
100.0,
99.0,
99.0,
100.0,
99.0,
99.0,
100.0,
99.0,
99.0,
100.0,
99.0,
99.0,
100.0,
99.0,
99.0,
100.0,
99.0,
99.0,
100.0,
99.0,
99.0,
100.0,
99.0,
99.0,
100.0,
99.0,
99.0,
100.0,
99.0,
99.0,
100.0,
99.0,
99.0,
100.0,
99.0,
99.0,
100.0,
99.0,
99.0,
100.0,
99.0,
99.0,
99.0,
100.0,
99.0,
99.0,
100.0,
99.0,
100.0,
99.0,
99.0,
100.0,
99.0,
99.0,
99.0,
100.0,
99.0,
99.0,
100.0,
99.0,
99.0,
99.0,
100.0,
99.0,
99.0,
100.0,
99.0,
99.0,
100.0,
99.0,
99.0,
100.0,
99.0,
99.0,
100.0,
99.0,
99.0,
99.0,
99.0,
100.0,
99.0,
99.0,
100.0,
99.0,
99.0,
100.0,
99.0,
99.0,
100.0,
99.0,
99.0,
100.0,
99.0,
99.0,
99.0,
100.0,
99.0,
99.0,
100.0,
99.0,
51.0,
24.0,
26.0,
13.0,
21.0,
11.0,
15.0,
8.0,
11.0,
6.0,
9.0,
4.0,
6.0,
3.0,
5.0,
2.0,
3.0,
1.0,
2.0,
1.0,
2.0,
0.0,
1.0,
0.0,
1.0,
0.0,
0.0,
0.0,
0.0,
0.0,
0.0,
0.0,
0.0,
0.0,
0.0,
0.0,
0.0,
0.0,
0.0,
0.0,
0.0,
0.0,
0.0,
0.0,
0.0,
0.0,
0.0,
0.0,
0.0,
0.0,
0.0,
0.0,
0.0,
0.0,
0.0,
0.0,
0.0,
0.0,
0.0,
0.0,
0.0,
0.0,
0.0,
0.0,
0.0,
0.0,
0.0]
