[
99.0,
99.0,
100.0,
99.0,
99.0,
100.0,
99.0,
99.0,
100.0,
99.0,
99.0,
100.0,
99.0,
99.0,
100.0,
99.0,
99.0,
100.0,
99.0,
99.0,
100.0,
99.0,
99.0,
100.0,
99.0,
99.0,
100.0,
99.0,
99.0,
100.0,
99.0,
99.0,
100.0,
99.0,
99.0,
99.0,
100.0,
99.0,
99.0,
100.0,
99.0,
99.0,
99.0,
100.0,
99.0,
99.0,
100.0,
99.0,
99.0,
100.0,
99.0,
99.0,
100.0,
99.0,
99.0,
100.0,
99.0,
99.0,
99.0,
100.0,
99.0,
99.0,
100.0,
99.0,
99.0,
100.0,
99.0,
99.0,
99.0,
100.0,
99.0,
99.0,
100.0,
99.0,
99.0,
100.0,
99.0,
99.0,
100.0,
99.0,
99.0,
99.0,
100.0,
99.0,
99.0,
99.0,
100.0,
99.0,
99.0,
100.0,
99.0,
99.0,
99.0,
100.0,
99.0,
99.0,
100.0,
99.0,
99.0,
100.0,
99.0,
99.0,
100.0,
99.0,
99.0,
51.0,
24.0,
35.0,
18.0,
23.0,
12.0,
16.0,
8.0,
11.0,
5.0,
7.0,
3.0,
5.0,
2.0,
3.0,
1.0,
0.0,
0.0,
0.0,
0.0,
0.0,
0.0,
0.0,
0.0,
0.0,
0.0,
0.0,
0.0,
0.0,
0.0,
0.0,
0.0,
0.0,
0.0,
0.0,
0.0,
0.0,
0.0,
0.0,
0.0,
0.0,
0.0,
0.0,
0.0,
0.0,
0.0,
0.0,
0.0,
0.0,
0.0,
0.0,
0.0,
0.0,
0.0,
0.0,
0.0,
0.0,
0.0,
0.0,
0.0,
0.0,
0.0,
0.0,
0.0,
0.0,
0.0,
0.0,
0.0,
0.0,
0.0,
0.0,
0.0,
0.0,
0.0,
0.0,
0.0,
0.0,
0.0,
0.0,
0.0,
0.0,
0.0,
0.0,
0.0,
0.0,
0.0,
0.0,
0.0,
0.0,
0.0,
0.0,
0.0,
0.0,
0.0,
0.0,
0.0,
0.0,
0.0,
0.0,
0.0,
0.0,
0.0,
0.0,
0.0,
0.0,
0.0,
0.0,
0.0,
0.0,
0.0,
0.0,
0.0,
0.0,
0.0,
0.0,
0.0,
0.0,
0.0,
0.0,
0.0,
0.0,
0.0,
0.0,
0.0,
0.0,
101.0,
112.0,
102.0,
99.0,
100.0,
99.0,
100.0,
99.0,
99.0,
99.0,
100.0,
99.0,
99.0,
100.0,
99.0,
99.0,
100.0,
99.0,
99.0,
100.0]
