[
99.0,
99.0,
99.0,
99.0,
99.0,
99.0,
99.0,
99.0,
99.0,
99.0,
99.0,
100.0,
99.0,
99.0,
99.0,
99.0,
99.0,
99.0,
99.0,
99.0,
99.0,
99.0,
99.0,
99.0,
99.0,
99.0,
99.0,
99.0,
99.0,
99.0,
99.0,
99.0,
99.0,
99.0,
99.0,
99.0,
99.0,
99.0,
99.0,
99.0,
99.0,
99.0,
99.0,
99.0,
99.0,
99.0,
100.0,
99.0,
99.0,
99.0,
99.0,
99.0,
99.0,
99.0,
99.0,
99.0,
99.0,
99.0,
99.0,
99.0,
99.0,
99.0,
99.0,
99.0,
99.0,
99.0,
99.0,
99.0,
99.0,
99.0,
99.0,
99.0,
99.0,
99.0,
100.0,
99.0,
99.0,
99.0,
99.0,
99.0,
99.0,
99.0,
99.0,
99.0,
99.0,
99.0,
99.0,
99.0,
99.0,
99.0,
99.0,
99.0,
99.0,
99.0,
99.0,
99.0,
99.0,
99.0,
99.0,
99.0,
99.0,
99.0,
99.0,
99.0,
99.0,
99.0,
100.0,
99.0,
99.0,
99.0,
99.0,
99.0,
99.0,
99.0,
99.0,
99.0,
99.0,
99.0,
99.0,
99.0,
99.0,
99.0,
99.0,
99.0,
99.0,
99.0,
99.0,
99.0,
99.0,
99.0,
99.0,
99.0,
99.0,
99.0,
99.0,
99.0,
99.0,
99.0,
99.0,
99.0,
99.0,
100.0,
99.0,
99.0,
99.0,
99.0,
99.0,
99.0,
99.0,
99.0,
99.0,
99.0,
99.0,
99.0,
99.0,
99.0,
99.0,
99.0,
99.0,
99.0,
99.0,
99.0,
99.0,
99.0,
99.0,
99.0,
99.0,
99.0,
99.0,
99.0,
99.0,
99.0,
99.0,
99.0,
99.0,
100.0,
99.0,
99.0,
99.0,
99.0,
99.0,
99.0,
99.0,
99.0,
99.0,
99.0,
99.0,
99.0,
99.0,
99.0,
99.0,
99.0,
99.0,
99.0,
99.0,
99.0,
99.0,
99.0,
99.0,
99.0,
99.0,
99.0,
99.0,
99.0,
99.0,
99.0,
99.0,
100.0,
99.0,
99.0,
99.0,
99.0,
99.0,
99.0,
99.0,
99.0,
99.0,
99.0,
99.0,
99.0,
99.0,
99.0,
99.0,
99.0,
100.0,
99.0,
99.0,
99.0,
99.0,
99.0,
99.0,
99.0,
99.0,
99.0,
99.0,
99.0,
99.0,
99.0,
99.0,
99.0,
99.0,
99.0,
99.0,
99.0,
99.0,
99.0,
99.0,
99.0,
99.0,
99.0,
99.0,
99.0,
99.0,
99.0,
99.0,
99.0,
99.0,
99.0,
99.0,
99.0,
99.0,
99.0,
100.0,
99.0,
99.0,
99.0,
99.0,
99.0,
99.0,
99.0,
99.0,
99.0,
99.0,
99.0,
99.0,
99.0,
99.0,
99.0,
99.0,
99.0,
99.0,
99.0,
99.0,
99.0,
99.0,
99.0,
99.0,
99.0,
99.0,
99.0,
99.0,
99.0,
99.0,
99.0,
99.0,
99.0,
99.0,
99.0,
100.0,
99.0,
99.0,
99.0,
99.0,
99.0,
99.0,
99.0,
99.0,
99.0,
99.0,
99.0,
99.0,
99.0,
99.0,
99.0,
99.0,
99.0,
99.0,
99.0,
99.0,
99.0,
99.0,
99.0,
99.0,
99.0,
99.0,
99.0,
99.0,
99.0,
99.0,
99.0,
99.0,
99.0,
99.0,
99.0,
99.0,
100.0,
99.0,
99.0,
99.0,
99.0,
99.0,
99.0,
99.0,
99.0,
99.0,
99.0,
99.0,
99.0,
99.0,
99.0,
99.0,
99.0,
99.0,
99.0,
100.0,
99.0,
99.0,
99.0,
99.0,
99.0,
99.0,
99.0,
99.0,
99.0,
99.0,
99.0,
99.0,
99.0,
99.0,
99.0,
99.0,
99.0,
99.0,
99.0,
99.0,
99.0,
100.0,
99.0,
99.0,
99.0,
99.0,
99.0,
99.0,
99.0,
99.0,
99.0,
99.0,
99.0,
99.0,
99.0,
99.0,
99.0,
99.0,
99.0,
99.0,
89.0,
74.0,
62.0,
51.0,
43.0,
36.0,
32.0,
28.0,
24.0,
21.0,
19.0,
16.0,
14.0,
12.0,
10.0,
9.0,
8.0,
7.0,
6.0,
5.0,
4.0,
4.0,
3.0,
3.0,
2.0,
2.0,
1.0,
1.0,
1.0,
1.0,
1.0,
0.0,
0.0,
0.0,
0.0,
0.0,
0.0,
0.0,
0.0,
0.0,
0.0,
0.0,
0.0,
0.0,
0.0,
0.0,
0.0,
0.0,
0.0,
0.0,
0.0,
0.0,
0.0,
0.0,
0.0,
0.0,
0.0,
0.0,
0.0,
0.0,
0.0,
0.0,
0.0,
0.0,
0.0,
0.0,
0.0,
0.0,
0.0,
0.0,
0.0,
0.0,
0.0,
0.0,
0.0,
0.0,
0.0,
0.0,
0.0,
0.0,
0.0,
0.0,
0.0,
0.0,
0.0,
0.0,
0.0,
0.0,
0.0,
0.0,
0.0,
0.0,
0.0,
0.0,
0.0,
0.0,
0.0,
0.0,
0.0,
0.0,
0.0,
0.0,
0.0,
0.0,
0.0,
0.0,
0.0,
0.0,
0.0,
0.0,
0.0,
0.0,
0.0,
0.0,
0.0,
0.0,
0.0,
0.0,
0.0,
0.0,
0.0,
0.0,
0.0,
0.0,
0.0,
0.0,
0.0,
0.0,
0.0,
0.0,
0.0,
0.0,
0.0,
0.0,
0.0,
0.0,
0.0,
0.0,
0.0,
0.0,
0.0,
0.0,
0.0,
0.0,
0.0,
0.0,
0.0,
0.0,
0.0,
0.0,
0.0,
0.0,
0.0,
0.0,
0.0,
0.0,
0.0,
0.0,
0.0,
0.0,
0.0,
0.0,
0.0,
0.0,
0.0,
0.0,
0.0,
0.0,
0.0,
0.0,
0.0,
0.0,
0.0,
0.0,
0.0,
0.0,
0.0,
0.0,
0.0,
0.0,
0.0,
0.0,
0.0,
0.0,
0.0,
0.0,
0.0,
0.0,
0.0,
0.0,
0.0,
0.0,
0.0,
0.0,
0.0,
0.0,
0.0,
0.0,
0.0,
0.0,
0.0,
0.0,
0.0,
0.0,
0.0,
0.0,
0.0,
0.0,
0.0,
0.0,
0.0,
0.0,
0.0,
0.0,
0.0,
0.0,
0.0,
0.0,
0.0,
0.0,
0.0,
0.0,
0.0,
0.0,
0.0,
0.0,
0.0,
0.0,
0.0,
0.0,
0.0,
0.0,
0.0,
0.0,
0.0,
0.0,
0.0,
0.0,
0.0,
0.0,
0.0,
0.0,
0.0,
0.0,
0.0,
0.0,
0.0,
0.0,
0.0,
0.0,
0.0,
0.0,
0.0,
0.0,
0.0,
0.0,
0.0,
0.0,
0.0,
0.0,
0.0,
0.0,
0.0,
0.0,
0.0,
0.0,
0.0,
0.0,
0.0,
0.0,
0.0,
0.0,
0.0,
0.0,
0.0,
0.0,
0.0,
0.0,
0.0,
0.0,
0.0,
0.0,
0.0,
0.0,
0.0,
0.0,
0.0,
0.0,
0.0,
0.0,
0.0,
0.0,
0.0,
0.0,
0.0,
0.0,
0.0,
0.0,
0.0,
0.0,
0.0,
0.0,
0.0,
0.0,
0.0,
0.0,
0.0,
0.0,
0.0,
0.0,
0.0,
0.0,
0.0,
0.0,
0.0,
0.0,
0.0,
0.0,
0.0,
0.0,
0.0,
0.0,
0.0,
0.0,
0.0,
0.0,
0.0,
0.0,
0.0,
0.0,
0.0,
0.0,
0.0,
0.0,
0.0,
0.0,
0.0,
0.0,
0.0,
0.0,
0.0,
0.0,
0.0,
0.0,
0.0,
0.0,
0.0,
0.0,
0.0,
0.0,
0.0,
0.0,
0.0,
0.0,
0.0,
0.0,
0.0,
0.0,
0.0,
0.0,
0.0,
0.0,
0.0,
0.0,
0.0,
0.0,
0.0,
0.0,
0.0,
0.0,
0.0,
0.0,
0.0,
0.0,
0.0,
0.0,
0.0,
0.0,
0.0,
0.0,
0.0,
0.0,
0.0,
0.0,
0.0,
0.0,
0.0,
0.0,
0.0,
0.0,
0.0,
0.0,
0.0,
0.0,
0.0,
0.0,
0.0,
0.0,
0.0,
0.0,
0.0,
0.0,
0.0,
0.0,
0.0,
0.0,
0.0,
0.0,
0.0,
0.0,
0.0,
0.0,
0.0,
0.0,
0.0,
0.0,
0.0,
0.0,
0.0,
0.0,
0.0,
0.0,
0.0,
0.0,
0.0,
0.0,
0.0,
0.0,
0.0,
0.0,
0.0,
0.0,
0.0,
0.0,
0.0,
0.0,
0.0,
0.0,
0.0,
0.0,
0.0,
0.0,
0.0,
0.0,
0.0,
0.0,
0.0,
0.0,
0.0,
0.0,
0.0,
0.0,
0.0,
0.0,
0.0,
0.0,
0.0,
0.0,
0.0,
0.0,
0.0,
0.0,
0.0,
0.0,
0.0,
0.0,
0.0,
0.0,
0.0,
0.0,
0.0,
0.0,
0.0,
0.0,
0.0,
0.0,
0.0,
0.0,
0.0,
0.0,
0.0,
0.0,
0.0,
0.0,
0.0,
0.0,
0.0,
0.0,
0.0,
0.0,
0.0,
0.0,
0.0,
0.0,
0.0,
0.0,
0.0,
0.0,
0.0,
-1.0,
10.0,
-1.0,
0.0,
22.0,
51.0,
71.0,
82.0,
88.0,
92.0,
93.0,
95.0,
95.0,
96.0,
97.0,
97.0,
97.0,
98.0,
98.0,
98.0,
98.0,
98.0,
99.0,
99.0,
99.0,
99.0,
99.0,
99.0,
99.0,
99.0,
99.0,
99.0,
99.0,
99.0,
99.0,
99.0,
99.0,
99.0,
99.0,
99.0,
99.0,
99.0,
99.0,
99.0,
99.0,
99.0,
99.0,
99.0,
99.0,
99.0,
99.0,
99.0,
99.0,
99.0,
99.0,
99.0,
99.0,
99.0,
99.0,
99.0,
99.0,
99.0,
99.0,
99.0,
99.0,
99.0,
99.0,
99.0,
99.0,
99.0,
99.0,
99.0,
99.0,
99.0,
99.0,
99.0,
99.0,
99.0,
99.0,
99.0,
99.0,
99.0,
99.0,
99.0,
99.0,
99.0,
100.0,
99.0,
99.0,
99.0,
99.0,
99.0,
99.0,
99.0,
99.0,
99.0,
99.0,
99.0,
99.0,
99.0,
99.0,
99.0,
99.0,
99.0,
99.0,
99.0]
