[
34.0,
34.0,
34.0,
34.0,
34.0,
34.0,
34.0,
34.0,
34.0,
34.0,
34.0,
71.0,
71.0,
71.0,
71.0,
71.0,
71.0,
71.0,
71.0,
71.0,
71.0,
71.0,
71.0,
35.0,
34.0,
34.0,
34.0,
34.0,
34.0,
34.0,
34.0,
34.0,
34.0,
34.0,
34.0,
34.0,
34.0,
34.0,
34.0,
34.0,
34.0,
34.0,
34.0,
34.0,
34.0,
34.0,
34.0,
34.0,
34.0,
34.0,
34.0,
30.0,
30.0,
30.0,
30.0,
30.0,
30.0,
30.0,
30.0,
34.0,
34.0,
34.0,
34.0,
34.0,
34.0,
34.0,
34.0,
34.0,
34.0,
34.0,
34.0,
34.0,
34.0,
34.0,
34.0,
34.0,
34.0,
34.0,
34.0,
34.0,
34.0,
34.0,
34.0,
34.0,
34.0,
34.0,
34.0,
34.0,
34.0,
34.0,
34.0,
77.0,
77.0,
77.0,
77.0,
77.0,
77.0,
77.0,
35.0,
34.0,
34.0,
34.0,
34.0,
34.0,
34.0,
34.0,
34.0,
34.0,
34.0,
34.0,
34.0,
34.0,
34.0,
34.0,
34.0,
34.0,
34.0,
34.0,
34.0,
34.0,
34.0,
34.0,
34.0,
34.0,
34.0,
34.0,
34.0,
34.0,
34.0,
34.0,
34.0,
99.0,
99.0,
99.0,
99.0,
100.0,
99.0,
100.0,
99.0,
100.0,
100.0,
100.0,
100.0,
100.0,
100.0,
100.0,
100.0,
100.0,
100.0,
100.0,
99.0,
35.0,
34.0,
34.0,
34.0,
34.0,
34.0,
34.0,
34.0,
34.0,
34.0,
34.0,
34.0,
34.0,
34.0,
34.0,
34.0,
34.0,
34.0,
34.0,
34.0,
44.0,
44.0,
44.0,
44.0,
44.0,
44.0,
44.0,
44.0,
34.0,
34.0,
34.0,
34.0,
34.0,
34.0,
34.0,
34.0,
34.0,
34.0,
34.0,
34.0,
34.0,
34.0,
34.0,
34.0,
34.0,
34.0,
34.0]
