[
34.0,
34.0,
34.0,
34.0,
34.0,
34.0,
34.0,
34.0,
34.0,
34.0,
34.0,
99.0,
99.0,
99.0,
99.0,
99.0,
99.0,
100.0,
100.0,
99.0,
100.0,
100.0,
100.0,
99.0,
99.0,
100.0,
100.0,
100.0,
100.0,
100.0,
100.0,
35.0,
34.0,
34.0,
34.0,
34.0,
34.0,
34.0,
34.0,
34.0,
34.0,
34.0,
34.0,
34.0,
34.0,
34.0,
34.0,
34.0,
34.0,
34.0,
34.0,
44.0,
44.0,
44.0,
44.0,
44.0,
44.0,
44.0,
44.0,
34.0,
34.0,
34.0,
34.0,
34.0,
34.0,
34.0,
34.0,
34.0,
34.0,
34.0,
34.0,
34.0,
34.0,
34.0,
34.0,
34.0,
34.0,
34.0,
34.0,
34.0,
-1.0,
0.0,
0.0,
277.0,
0.0,
0.0,
0.0,
3.0,
0.0,
0.0,
0.0,
90.0,
0.0,
0.0,
0.0,
897.0,
0.0,
0.0,
0.0,
285.0,
0.0,
-1.0,
34.0,
34.0,
34.0,
34.0,
34.0,
34.0,
34.0,
34.0,
34.0,
34.0,
34.0,
71.0,
71.0,
71.0,
71.0,
71.0,
71.0,
71.0,
71.0,
71.0,
71.0,
71.0,
71.0,
35.0,
34.0,
34.0,
34.0,
34.0,
34.0,
34.0,
34.0,
34.0,
34.0,
34.0,
34.0,
34.0,
34.0,
34.0,
34.0,
34.0,
34.0,
34.0,
34.0,
34.0,
34.0,
34.0,
34.0,
34.0,
34.0,
34.0,
34.0,
30.0,
30.0,
30.0,
30.0,
30.0,
30.0,
30.0,
30.0,
34.0,
34.0,
34.0,
34.0,
34.0,
34.0,
34.0,
34.0,
34.0,
34.0,
34.0,
34.0,
34.0,
34.0,
34.0,
34.0,
34.0,
34.0,
34.0,
34.0,
34.0,
34.0,
34.0,
34.0,
34.0,
34.0,
34.0,
34.0,
34.0,
34.0,
34.0,
34.0,
77.0,
77.0,
77.0,
77.0,
77.0,
77.0,
77.0,
35.0,
34.0,
34.0,
34.0,
34.0,
34.0,
34.0,
34.0,
34.0,
34.0,
34.0,
34.0,
34.0,
34.0,
34.0,
34.0,
34.0,
34.0,
34.0,
34.0,
34.0,
34.0,
34.0,
34.0,
34.0,
34.0,
34.0,
34.0,
34.0,
34.0,
34.0,
34.0,
34.0,
99.0,
99.0,
99.0,
99.0,
100.0,
99.0,
100.0,
99.0,
100.0,
100.0,
100.0,
100.0,
100.0,
100.0,
100.0,
100.0,
100.0,
100.0,
100.0,
99.0,
35.0,
34.0,
34.0,
34.0,
34.0,
34.0,
34.0,
34.0,
34.0,
34.0,
34.0,
34.0,
34.0,
34.0,
34.0,
34.0,
34.0,
34.0,
34.0,
34.0,
44.0,
44.0,
44.0,
44.0,
44.0,
44.0,
44.0,
44.0,
34.0,
34.0,
34.0,
34.0,
34.0,
34.0,
34.0,
34.0,
34.0,
34.0,
34.0,
34.0,
34.0,
34.0,
34.0,
34.0,
34.0,
34.0,
34.0,
-1.0,
0.0,
0.0,
276.0,
0.0,
0.0,
0.0,
4.0,
0.0,
0.0,
0.0,
91.0,
0.0,
0.0,
0.0,
896.0,
0.0,
0.0,
0.0,
284.0,
0.0,
-1.0,
34.0,
34.0,
34.0,
34.0,
34.0,
34.0,
34.0,
34.0,
34.0,
34.0,
34.0,
34.0,
34.0,
71.0,
71.0,
71.0,
71.0,
71.0,
71.0,
71.0,
71.0,
71.0,
71.0,
71.0,
71.0,
35.0,
34.0,
34.0,
34.0,
34.0,
34.0,
34.0,
34.0,
34.0,
34.0,
34.0,
34.0,
34.0,
34.0,
34.0,
34.0,
34.0,
34.0,
34.0,
34.0,
34.0,
34.0,
34.0,
34.0,
34.0,
34.0,
34.0,
34.0,
30.0,
30.0,
30.0,
30.0,
30.0,
30.0,
30.0,
30.0,
34.0,
34.0,
34.0,
34.0,
34.0,
34.0,
34.0,
34.0,
34.0,
34.0,
34.0,
34.0,
34.0,
34.0,
34.0,
34.0,
34.0,
34.0,
34.0,
34.0,
34.0,
34.0,
34.0,
34.0,
34.0,
34.0,
34.0,
34.0,
34.0,
34.0,
34.0,
34.0,
77.0,
77.0,
77.0,
77.0,
77.0,
77.0,
77.0,
35.0,
34.0,
34.0,
34.0,
34.0,
34.0,
34.0,
34.0,
34.0,
34.0,
34.0,
34.0,
34.0,
34.0,
34.0,
34.0,
34.0,
34.0,
34.0,
34.0,
34.0,
34.0,
34.0,
34.0,
34.0,
34.0,
34.0,
34.0,
34.0,
34.0,
34.0,
34.0,
34.0,
99.0,
99.0,
99.0,
100.0,
100.0,
100.0,
100.0,
100.0,
100.0,
100.0,
99.0,
99.0,
100.0,
100.0,
100.0,
100.0,
100.0,
99.0,
100.0,
100.0,
35.0,
34.0,
34.0,
34.0,
34.0,
34.0,
34.0,
34.0,
34.0,
34.0,
34.0,
34.0,
34.0,
34.0,
34.0,
34.0,
34.0,
34.0,
34.0,
34.0,
44.0,
44.0,
44.0,
44.0,
44.0,
44.0,
44.0]
