[
2228258.0,
2228258.0,
2228258.0,
2228258.0,
2228258.0,
6488163.0,
6488163.0,
2293859.0,
2228258.0,
2228258.0,
2228258.0,
2228258.0,
2228258.0,
-65502.0,
-1.0,
831.0,
0.0,
23.0,
0.0,
65.0,
0.0,
921.0,
1.0,
819.0,
2293759.0,
2228258.0,
2228258.0,
2228258.0,
2228258.0,
2228258.0,
2228258.0,
2228258.0,
2228258.0,
2228258.0,
2228258.0,
2228258.0,
6488163.0,
6488163.0,
6488164.0,
6488164.0,
6553700.0,
6553700.0,
6488163.0,
6488163.0,
6488163.0,
6488164.0,
2228259.0,
2228258.0,
2228258.0,
2228258.0,
2228258.0,
2228258.0,
2228258.0,
2228258.0,
2228258.0,
2228258.0,
6488163.0,
6488163.0,
6488163.0,
6553699.0,
6488163.0,
6553699.0,
2228259.0,
2228258.0,
2228258.0,
2228258.0,
2228258.0,
2228258.0,
2228258.0,
2228258.0,
2228258.0,
2228258.0,
2228258.0,
2228258.0,
2228258.0,
2228258.0,
6488163.0,
6488163.0,
6553699.0,
2293859.0,
2228258.0,
2228258.0,
2228258.0,
2228258.0,
2228258.0,
2228258.0,
2228258.0,
2228258.0,
2228258.0,
2228258.0,
2228258.0,
2228258.0,
2228258.0,
2228258.0,
2228258.0,
2228258.0,
6488163.0,
6553699.0,
6488164.0,
6553699.0,
6488164.0,
2228259.0,
2228258.0,
2228258.0,
2228258.0,
2228258.0,
2228258.0,
2228258.0,
2228258.0,
2228258.0,
2228258.0,
2228258.0,
2228258.0,
2228258.0,
2228258.0,
2228258.0,
6488163.0,
6553699.0,
2293860.0,
2228258.0,
2228258.0,
2228258.0,
2228258.0,
-65502.0,
-1.0,
830.0,
0.0,
22.0,
0.0,
65.0,
0.0,
921.0,
1.0,
819.0,
2293759.0,
2228258.0,
2228258.0,
2228258.0,
2228258.0,
2228258.0,
2228258.0,
2228258.0,
2228258.0,
2228258.0,
2228258.0,
2228258.0,
2228258.0,
6488163.0,
6553699.0,
6553699.0,
6488163.0,
6488163.0,
6488164.0,
6488164.0,
6488164.0,
6488163.0,
6553699.0,
2228259.0,
2228258.0,
2228258.0,
2228258.0,
2228258.0,
2228258.0,
2228258.0,
2228258.0,
2228258.0,
2228258.0,
6488163.0,
6488163.0,
6553699.0,
6488164.0,
6553699.0,
6488164.0,
2228259.0,
2228258.0,
2228258.0,
2228258.0,
2228258.0,
2228258.0,
2228258.0,
2228258.0,
2228258.0,
2228258.0,
2228258.0,
2228258.0,
2228258.0,
2228258.0,
6488163.0,
6488163.0,
6488164.0,
2293859.0,
2228258.0,
2228258.0,
2228258.0,
2228258.0,
2228258.0,
2228258.0,
2228258.0,
2228258.0,
2228258.0,
2228258.0,
2228258.0,
2228258.0,
2228258.0,
2228258.0,
2228258.0,
2228258.0,
6488163.0,
6488163.0,
6488164.0,
6488163.0,
6553699.0,
2228259.0,
2228258.0,
2228258.0,
2228258.0,
2228258.0,
2228258.0,
2228258.0,
2228258.0,
2228258.0,
2228258.0,
2228258.0,
2228258.0,
2228258.0,
2228258.0,
2228258.0,
6488163.0,
6488163.0,
2293859.0,
2228258.0,
2228258.0,
2228258.0,
-65502.0,
-1.0,
830.0,
0.0,
22.0,
0.0,
65.0,
0.0,
921.0,
1.0,
819.0,
2293759.0,
2228258.0,
2228258.0,
2228258.0,
2228258.0,
2228258.0,
2228258.0,
2228258.0,
2228258.0,
2228258.0,
2228258.0,
2228258.0,
2228258.0,
2228258.0,
6488163.0,
6488163.0,
6488163.0,
6488163.0,
6488164.0,
6488164.0,
6553699.0,
6553700.0,
6553700.0,
6488164.0,
2228259.0,
2228258.0,
2228258.0,
2228258.0,
2228258.0,
2228258.0,
2228258.0,
2228258.0,
2228258.0,
2228258.0,
6488163.0,
6488163.0,
6553699.0,
6553699.0,
6553699.0,
6488164.0,
2228259.0,
2228258.0,
2228258.0,
2228258.0,
2228258.0,
2228258.0,
2228258.0,
2228258.0,
2228258.0,
2228258.0,
2228258.0,
2228258.0,
2228258.0,
2228258.0,
6488163.0,
6488163.0,
6488163.0,
2293860.0,
2228258.0,
2228258.0,
2228258.0,
2228258.0,
2228258.0,
2228258.0,
2228258.0,
2228258.0,
2228258.0,
2228258.0,
2228258.0,
2228258.0,
2228258.0,
2228258.0,
2228258.0,
2228258.0,
6488163.0,
6488163.0,
6553699.0,
6488164.0,
6553699.0,
2228259.0,
2228258.0,
2228258.0,
2228258.0,
2228258.0,
2228258.0,
2228258.0,
2228258.0,
2228258.0,
2228258.0,
2228258.0,
2228258.0,
2228258.0,
2228258.0,
2228258.0,
6488163.0,
6488163.0,
2293859.0,
2228258.0,
2228258.0,
-65502.0,
-1.0,
830.0,
0.0,
22.0,
0.0,
65.0,
0.0,
921.0,
1.0,
819.0,
2293759.0,
2228258.0,
2228258.0,
2228258.0,
2228258.0,
2228258.0,
2228258.0,
2228258.0,
2228258.0,
2228258.0,
2228258.0,
2228258.0,
2228258.0,
2228258.0,
2228258.0,
6488163.0,
6488163.0,
6553699.0,
6488163.0,
6553700.0,
6553700.0,
6488163.0,
6488163.0,
6488163.0,
6488164.0,
2228259.0,
2228258.0,
2228258.0,
2228258.0,
2228258.0,
2228258.0,
2228258.0,
2228258.0,
2228258.0,
2228258.0,
6488163.0,
6553699.0,
6488164.0,
6553700.0,
6488163.0,
6553699.0,
2228259.0,
2228258.0,
2228258.0,
2228258.0,
2228258.0,
2228258.0,
2228258.0,
2228258.0,
2228258.0,
2228258.0,
2228258.0,
2228258.0,
2228258.0,
2228258.0,
6488163.0,
6553699.0,
6488163.0,
2293860.0,
2228258.0,
2228258.0,
2228258.0,
2228258.0,
2228258.0,
2228258.0,
2228258.0,
2228258.0,
2228258.0,
2228258.0,
2228258.0,
2228258.0,
2228258.0,
2228258.0,
2228258.0,
2228258.0,
6488163.0,
6488163.0,
6488163.0,
6553700.0,
6488163.0,
2228259.0,
2228258.0,
2228258.0,
2228258.0,
2228258.0,
2228258.0,
2228258.0,
2228258.0,
2228258.0,
2228258.0,
2228258.0,
2228258.0,
2228258.0,
2228258.0,
2228258.0,
6488163.0,
6488163.0,
2293860.0,
2228258.0,
-65502.0,
-1.0,
832.0,
0.0,
22.0,
0.0,
65.0,
0.0,
921.0,
1.0,
821.0,
2293759.0,
2228258.0,
2228258.0,
2228258.0,
2228258.0,
2228258.0,
2228258.0,
2228258.0,
2228258.0,
2228258.0,
2228258.0,
2228258.0,
2228258.0,
2228258.0,
2228258.0,
2228258.0,
6488163.0,
6553699.0,
6553699.0,
6553700.0,
6488164.0,
6488163.0,
6488164.0,
6553700.0,
6553699.0,
6553699.0,
2228259.0,
2228258.0,
2228258.0,
2228258.0,
2228258.0,
2228258.0,
2228258.0,
2228258.0,
2228258.0,
2228258.0]
